    0     1     0     0 1601.000
    0     0     1     0 1609.000 
    0     0     2     0 1617.039 
    0     0     3     0 1625.120 
    0     1     0     0 1601.000 
    0     1     1     0 1609.000 
    0     1     2     0 1617.039 
    0     1     3     0 1625.120 
    0     2     0     0 1601.000 
    0     2     1     0 1609.000 
    0     2     2     0 1617.039 
    0     2     3     0 1625.120 
    0     3     0     0 1601.000 
    0     3     1     0 1609.000 
    0     3     2     0 1617.039 
    0     3     3     0 1625.120 
    4     0     0     0 1633.240 
    4     0     1     0 1641.402 
    4     0     2     0 1649.604 
    4     0     3     0 1657.847 
    4     1     0     0 1633.240 
    4     1     1     0 1641.402 
    4     1     2     0 1649.604 
    4     1     3     0 1657.847 
    4     2     0     0 1633.240 
    4     2     1     0 1641.402 
    4     2     2     0 1649.604 
    4     2     3     0 1657.847 
    4     3     0     0 1633.240 
    4     3     1     0 1641.402 
    4     3     2     0 1649.604 
    4     3     3     0 1657.847 
    8     0     0     0 1666.131 
    8     0     1     0 1674.456 
    8     0     2     0 1682.824 
    8     0     3     0 1691.233 
    8     1     0     0 1666.131 
    8     1     1     0 1674.456 
    8     1     2     0 1682.824 
    8     1     3     0 1691.233 
    8     2     0     0 1666.131 
    8     2     1     0 1674.456 
    8     2     2     0 1682.824 
    8     2     3     0 1691.233 
    8     3     0     0 1666.131 
    8     3     1     0 1674.456 
    8     3     2     0 1682.824 
    8     3     3     0 1691.233 
   12     0     0     0 1699.684 
   12     0     1     0 1708.177 
   12     0     2     0 1716.713 
   12     0     3     0 1725.292 
   12     1     0     0 1699.684 
   12     1     1     0 1708.177 
   12     1     2     0 1716.713 
   12     1     3     0 1725.292 
   12     2     0     0 1699.684 
   12     2     1     0 1708.177 
   12     2     2     0 1716.713 
   12     2     3     0 1725.292 
   12     3     0     0 1699.684 
   12     3     1     0 1708.177 
   12     3     2     0 1716.713 
   12     3     3     0 1725.292 
   16     0     0     0 1733.913 
   16     0     1     0 1742.578 
   16     0     2     0 1751.286 
   16     0     3     0 1760.037 
   16     1     0     0 1733.913 
   16     1     1     0 1742.578 
   16     1     2     0 1751.286 
   16     1     3     0 1760.037 
   16     2     0     0 1733.913 
   16     2     1     0 1742.578 
   16     2     2     0 1751.286 
   16     2     3     0 1760.037 
   16     3     0     0 1733.913 
   16     3     1     0 1742.578 
   16     3     2     0 1751.286 
   16     3     3     0 1760.037 
   20     0     0     0 1768.832 
   20     0     1     0 1777.672 
   20     0     2     0 1786.555 
   20     0     3     0 1795.483 
   20     1     0     0 1768.832 
   20     1     1     0 1777.672 
   20     1     2     0 1786.555 
   20     1     3     0 1795.483 
   20     2     0     0 1768.832 
   20     2     1     0 1777.672 
   20     2     2     0 1786.555 
   20     2     3     0 1795.483 
   20     3     0     0 1768.832 
   20     3     1     0 1777.672 
   20     3     2     0 1786.555 
   20     3     3     0 1795.483 
   24     0     0     0 1804.455 
   24     0     1     0 1813.472 
   24     0     2     0 1822.535 
   24     0     3     0 1831.642 
   24     1     0     0 1804.455 
   24     1     1     0 1813.472 
   24     1     2     0 1822.535 
   24     1     3     0 1831.642 
   24     2     0     0 1804.455 
   24     2     1     0 1813.472 
   24     2     2     0 1822.535 
   24     2     3     0 1831.642 
   24     3     0     0 1804.455 
   24     3     1     0 1813.472 
   24     3     2     0 1822.535 
   24     3     3     0 1831.642 
   28     0     0     0 1840.796 
   28     0     1     0 1849.995 
   28     0     2     0 1859.240 
   28     0     3     0 1868.531 
   28     1     0     0 1840.796 
   28     1     1     0 1849.995 
   28     1     2     0 1859.240 
   28     1     3     0 1868.531 
   28     2     0     0 1840.796 
   28     2     1     0 1849.995 
   28     2     2     0 1859.240 
   28     2     3     0 1868.531 
   28     3     0     0 1840.796 
   28     3     1     0 1849.995 
   28     3     2     0 1859.240 
   28     3     3     0 1868.531 
   32     0     0     0 1877.868 
   32     0     1     0 1887.253 
   32     0     2     0 1896.684 
   32     0     3     0 1906.163 
   32     1     0     0 1877.868 
   32     1     1     0 1887.253 
   32     1     2     0 1896.684 
   32     1     3     0 1906.163 
   32     2     0     0 1877.868 
   32     2     1     0 1887.253 
   32     2     2     0 1896.684 
   32     2     3     0 1906.163 
   32     3     0     0 1877.868 
   32     3     1     0 1887.253 
   32     3     2     0 1896.684 
   32     3     3     0 1906.163 
   36     0     0     0 1915.688 
   36     0     1     0 1925.262 
   36     0     2     0 1934.883 
   36     0     3     0 1944.553 
   36     1     0     0 1915.688 
   36     1     1     0 1925.262 
   36     1     2     0 1934.883 
   36     1     3     0 1944.553 
   36     2     0     0 1915.688 
   36     2     1     0 1925.262 
   36     2     2     0 1934.883 
   36     2     3     0 1944.553 
   36     3     0     0 1915.688 
   36     3     1     0 1925.262 
   36     3     2     0 1934.883 
   36     3     3     0 1944.553 
   40     0     0     0 1954.270 
   40     0     1     0 1964.037 
   40     0     2     0 1973.852 
   40     0     3     0 1983.716 
   40     1     0     0 1954.270 
   40     1     1     0 1964.037 
   40     1     2     0 1973.852 
   40     1     3     0 1983.716 
   40     2     0     0 1954.270 
   40     2     1     0 1964.037 
   40     2     2     0 1973.852 
   40     2     3     0 1983.716 
   40     3     0     0 1954.270 
   40     3     1     0 1964.037 
   40     3     2     0 1973.852 
   40     3     3     0 1983.716 
   44     0     0     0 1993.630 
   44     0     1     0 2003.593 
   44     0     2     0 2013.606 
   44     0     3     0 2023.669 
   44     1     0     0 1993.630 
   44     1     1     0 2003.593 
   44     1     2     0 2013.606 
   44     1     3     0 2023.669 
   44     2     0     0 1993.630 
   44     2     1     0 2003.593 
   44     2     2     0 2013.606 
   44     2     3     0 2023.669 
   44     3     0     0 1993.630 
   44     3     1     0 2003.593 
   44     3     2     0 2013.606 
   44     3     3     0 2023.669 
   48     0     0     0 2033.782 
   48     0     1     0 2043.946 
   48     0     2     0 2054.161 
   48     0     3     0 2064.427 
   48     1     0     0 2033.782 
   48     1     1     0 2043.946 
   48     1     2     0 2054.161 
   48     1     3     0 2064.427 
   48     2     0     0 2033.782 
   48     2     1     0 2043.946 
   48     2     2     0 2054.161 
   48     2     3     0 2064.427 
   48     3     0     0 2033.782 
   48     3     1     0 2043.946 
   48     3     2     0 2054.161 
   48     3     3     0 2064.427 
   52     0     0     0 2074.744 
   52     0     1     0 2085.112 
   52     0     2     0 2095.533 
   52     0     3     0 2106.006 
   52     1     0     0 2074.744 
   52     1     1     0 2085.112 
   52     1     2     0 2095.533 
   52     1     3     0 2106.006 
   52     2     0     0 2074.744 
   52     2     1     0 2085.112 
   52     2     2     0 2095.533 
   52     2     3     0 2106.006 
   52     3     0     0 2074.744 
   52     3     1     0 2085.112 
   52     3     2     0 2095.533 
   52     3     3     0 2106.006 
   56     0     0     0 2116.531 
   56     0     1     0 2127.108 
   56     0     2     0 2137.739 
   56     0     3     0 2148.423 
   56     1     0     0 2116.531 
   56     1     1     0 2127.108 
   56     1     2     0 2137.739 
   56     1     3     0 2148.423 
   56     2     0     0 2116.531 
   56     2     1     0 2127.108 
   56     2     2     0 2137.739 
   56     2     3     0 2148.423 
   56     3     0     0 2116.531 
   56     3     1     0 2127.108 
   56     3     2     0 2137.739 
   56     3     3     0 2148.423 
   60     0     0     0 2159.160 
   60     0     1     0 2169.951 
   60     0     2     0 2180.795 
   60     0     3     0 2191.694 
   60     1     0     0 2159.160 
   60     1     1     0 2169.951 
   60     1     2     0 2180.795 
   60     1     3     0 2191.694 
   60     2     0     0 2159.160 
   60     2     1     0 2169.951 
   60     2     2     0 2180.795 
   60     2     3     0 2191.694 
   60     3     0     0 2159.160 
   60     3     1     0 2169.951 
   60     3     2     0 2180.795 
   60     3     3     0 2191.694 
   64     0     0     0 2202.648 
   64     0     1     0 2213.656 
   64     0     2     0 2224.719 
   64     0     3     0 2235.838 
   64     1     0     0 2202.648 
   64     1     1     0 2213.656 
   64     1     2     0 2224.719 
   64     1     3     0 2235.838 
   64     2     0     0 2202.648 
   64     2     1     0 2213.656 
   64     2     2     0 2224.719 
   64     2     3     0 2235.838 
   64     3     0     0 2202.648 
   64     3     1     0 2213.656 
   64     3     2     0 2224.719 
   64     3     3     0 2235.838 
   68     0     0     0 2247.012 
   68     0     1     0 2258.242 
   68     0     2     0 2269.528 
   68     0     3     0 2280.871 
   68     1     0     0 2247.012 
   68     1     1     0 2258.242 
   68     1     2     0 2269.528 
   68     1     3     0 2280.871 
   68     2     0     0 2247.012 
   68     2     1     0 2258.242 
   68     2     2     0 2269.528 
   68     2     3     0 2280.871 
   68     3     0     0 2247.012 
   68     3     1     0 2258.242 
   68     3     2     0 2269.528 
   68     3     3     0 2280.871 
   72     0     0     0 2292.270 
   72     0     1     0 2303.727 
   72     0     2     0 2315.240 
   72     0     3     0 2326.812 
   72     1     0     0 2292.270 
   72     1     1     0 2303.727 
   72     1     2     0 2315.240 
   72     1     3     0 2326.812 
   72     2     0     0 2292.270 
   72     2     1     0 2303.727 
   72     2     2     0 2315.240 
   72     2     3     0 2326.812 
   72     3     0     0 2292.270 
   72     3     1     0 2303.727 
   72     3     2     0 2315.240 
   72     3     3     0 2326.812 
   76     0     0     0 2338.441 
   76     0     1     0 2350.128 
   76     0     2     0 2361.873 
   76     0     3     0 2373.678 
   76     1     0     0 2338.441 
   76     1     1     0 2350.128 
   76     1     2     0 2361.873 
   76     1     3     0 2373.678 
   76     2     0     0 2338.441 
   76     2     1     0 2350.128 
   76     2     2     0 2361.873 
   76     2     3     0 2373.678 
   76     3     0     0 2338.441 
   76     3     1     0 2350.128 
   76     3     2     0 2361.873 
   76     3     3     0 2373.678 
   80     0     0     0 2385.541 
   80     0     1     0 2397.464 
   80     0     2     0 2409.446 
   80     0     3     0 2421.488 
   80     1     0     0 2385.541 
   80     1     1     0 2397.464 
   80     1     2     0 2409.446 
   80     1     3     0 2421.488 
   80     2     0     0 2385.541 
   80     2     1     0 2397.464 
   80     2     2     0 2409.446 
   80     2     3     0 2421.488 
   80     3     0     0 2385.541 
   80     3     1     0 2397.464 
   80     3     2     0 2409.446 
   80     3     3     0 2421.488 
   84     0     0     0 2433.591 
   84     0     1     0 2445.754 
   84     0     2     0 2457.978 
   84     0     3     0 2470.263 
   84     1     0     0 2433.591 
   84     1     1     0 2445.754 
   84     1     2     0 2457.978 
   84     1     3     0 2470.263 
   84     2     0     0 2433.591 
   84     2     1     0 2445.754 
   84     2     2     0 2457.978 
   84     2     3     0 2470.263 
   84     3     0     0 2433.591 
   84     3     1     0 2445.754 
   84     3     2     0 2457.978 
   84     3     3     0 2470.263 
   88     0     0     0 2482.609 
   88     0     1     0 2495.017 
   88     0     2     0 2507.487 
   88     0     3     0 2520.019 
   88     1     0     0 2482.609 
   88     1     1     0 2495.017 
   88     1     2     0 2507.487 
   88     1     3     0 2520.019 
   88     2     0     0 2482.609 
   88     2     1     0 2495.017 
   88     2     2     0 2507.487 
   88     2     3     0 2520.019 
   88     3     0     0 2482.609 
   88     3     1     0 2495.017 
   88     3     2     0 2507.487 
   88     3     3     0 2520.019 
   92     0     0     0 2532.615 
   92     0     1     0 2545.273 
   92     0     2     0 2557.994 
   92     0     3     0 2570.779 
   92     1     0     0 2532.615 
   92     1     1     0 2545.273 
   92     1     2     0 2557.994 
   92     1     3     0 2570.779 
   92     2     0     0 2532.615 
   92     2     1     0 2545.273 
   92     2     2     0 2557.994 
   92     2     3     0 2570.779 
   92     3     0     0 2532.615 
   92     3     1     0 2545.273 
   92     3     2     0 2557.994 
   92     3     3     0 2570.779 
   96     0     0     0 2583.628 
   96     0     1     0 2596.541 
   96     0     2     0 2609.519 
   96     0     3     0 2622.561 
   96     1     0     0 2583.628 
   96     1     1     0 2596.541 
   96     1     2     0 2609.519 
   96     1     3     0 2622.561 
   96     2     0     0 2583.628 
   96     2     1     0 2596.541 
   96     2     2     0 2609.519 
   96     2     3     0 2622.561 
   96     3     0     0 2583.628 
   96     3     1     0 2596.541 
   96     3     2     0 2609.519 
   96     3     3     0 2622.561 
  100     0     0     0 2635.669 
  100     0     1     0 2648.842 
  100     0     2     0 2662.082 
  100     0     3     0 2675.387 
  100     1     0     0 2635.669 
  100     1     1     0 2648.842 
  100     1     2     0 2662.082 
  100     1     3     0 2675.387 
  100     2     0     0 2635.669 
  100     2     1     0 2648.842 
  100     2     2     0 2662.082 
  100     2     3     0 2675.387 
  100     3     0     0 2635.669 
  100     3     1     0 2648.842 
  100     3     2     0 2662.082 
  100     3     3     0 2675.387 
  104     0     0     0 2688.759 
  104     0     1     0 2702.198 
  104     0     2     0 2715.704 
  104     0     3     0 2729.277 
  104     1     0     0 2688.759 
  104     1     1     0 2702.198 
  104     1     2     0 2715.704 
  104     1     3     0 2729.277 
  104     2     0     0 2688.759 
  104     2     1     0 2702.198 
  104     2     2     0 2715.704 
  104     2     3     0 2729.277 
  104     3     0     0 2688.759 
  104     3     1     0 2702.198 
  104     3     2     0 2715.704 
  104     3     3     0 2729.277 
  108     0     0     0 2742.919 
  108     0     1     0 2756.628 
  108     0     2     0 2770.406 
  108     0     3     0 2784.253 
  108     1     0     0 2742.919 
  108     1     1     0 2756.628 
  108     1     2     0 2770.406 
  108     1     3     0 2784.253 
  108     2     0     0 2742.919 
  108     2     1     0 2756.628 
  108     2     2     0 2770.406 
  108     2     3     0 2784.253 
  108     3     0     0 2742.919 
  108     3     1     0 2756.628 
  108     3     2     0 2770.406 
  108     3     3     0 2784.253 
  112     0     0     0 2798.170 
  112     0     1     0 2812.156 
  112     0     2     0 2826.211 
  112     0     3     0 2840.337 
  112     1     0     0 2798.170 
  112     1     1     0 2812.156 
  112     1     2     0 2826.211 
  112     1     3     0 2840.337 
  112     2     0     0 2798.170 
  112     2     1     0 2812.156 
  112     2     2     0 2826.211 
  112     2     3     0 2840.337 
  112     3     0     0 2798.170 
  112     3     1     0 2812.156 
  112     3     2     0 2826.211 
  112     3     3     0 2840.337 
  116     0     0     0 2854.534 
  116     0     1     0 2868.802 
  116     0     2     0 2883.141 
  116     0     3     0 2897.552 
  116     1     0     0 2854.534 
  116     1     1     0 2868.802 
  116     1     2     0 2883.141 
  116     1     3     0 2897.552 
  116     2     0     0 2854.534 
  116     2     1     0 2868.802 
  116     2     2     0 2883.141 
  116     2     3     0 2897.552 
  116     3     0     0 2854.534 
  116     3     1     0 2868.802 
  116     3     2     0 2883.141 
  116     3     3     0 2897.552 
  120     0     0     0 2912.034 
  120     0     1     0 2926.589 
  120     0     2     0 2941.217 
  120     0     3     0 2955.918 
  120     1     0     0 2912.034 
  120     1     1     0 2926.589 
  120     1     2     0 2941.217 
  120     1     3     0 2955.918 
  120     2     0     0 2912.034 
  120     2     1     0 2926.589 
  120     2     2     0 2941.217 
  120     2     3     0 2955.918 
  120     3     0     0 2912.034 
  120     3     1     0 2926.589 
  120     3     2     0 2941.217 
  120     3     3     0 2955.918 
  124     0     0     0 2970.693 
  124     0     1     0 2985.542 
  124     0     2     0 3000.464 
  124     0     3     0 3015.462 
  124     1     0     0 2970.693 
  124     1     1     0 2985.542 
  124     1     2     0 3000.464 
  124     1     3     0 3015.462 
  124     2     0     0 2970.693 
  124     2     1     0 2985.542 
  124     2     2     0 3000.464 
  124     2     3     0 3015.462 
  124     3     0     0 2970.693 
  124     3     1     0 2985.542 
  124     3     2     0 3000.464 
  124     3     3     0 3015.462 
  128     0     0     0 3030.534 
  128     0     1     0 3045.682 
  128     0     2     0 3060.905 
  128     0     3     0 3076.205 
  128     1     0     0 3030.534 
  128     1     1     0 3045.682 
  128     1     2     0 3060.905 
  128     1     3     0 3076.205 
  128     2     0     0 3030.534 
  128     2     1     0 3045.682 
  128     2     2     0 3060.905 
  128     2     3     0 3076.205 
  128     3     0     0 3030.534 
  128     3     1     0 3045.682 
  128     3     2     0 3060.905 
  128     3     3     0 3076.205 
  132     0     0     0 3091.581 
  132     0     1     0 3107.033 
  132     0     2     0 3122.564 
  132     0     3     0 3138.171 
  132     1     0     0 3091.581 
  132     1     1     0 3107.033 
  132     1     2     0 3122.564 
  132     1     3     0 3138.171 
  132     2     0     0 3091.581 
  132     2     1     0 3107.033 
  132     2     2     0 3122.564 
  132     2     3     0 3138.171 
  132     3     0     0 3091.581 
  132     3     1     0 3107.033 
  132     3     2     0 3122.564 
  132     3     3     0 3138.171 
  136     0     0     0 3153.857 
  136     0     1     0 3169.622 
  136     0     2     0 3185.465 
  136     0     3     0 3201.387 
  136     1     0     0 3153.857 
  136     1     1     0 3169.622 
  136     1     2     0 3185.465 
  136     1     3     0 3201.387 
  136     2     0     0 3153.857 
  136     2     1     0 3169.622 
  136     2     2     0 3185.465 
  136     2     3     0 3201.387 
  136     3     0     0 3153.857 
  136     3     1     0 3169.622 
  136     3     2     0 3185.465 
  136     3     3     0 3201.387 
  140     0     0     0 3217.389 
  140     0     1     0 3233.471 
  140     0     2     0 3249.633 
  140     0     3     0 3265.876 
  140     1     0     0 3217.389 
  140     1     1     0 3233.471 
  140     1     2     0 3249.633 
  140     1     3     0 3265.876 
  140     2     0     0 3217.389 
  140     2     1     0 3233.471 
  140     2     2     0 3249.633 
  140     2     3     0 3265.876 
  140     3     0     0 3217.389 
  140     3     1     0 3233.471 
  140     3     2     0 3249.633 
  140     3     3     0 3265.876 
  144     0     0     0 3282.201 
  144     0     1     0 3298.607 
  144     0     2     0 3315.095 
  144     0     3     0 3331.665 
  144     1     0     0 3282.201 
  144     1     1     0 3298.607 
  144     1     2     0 3315.095 
  144     1     3     0 3331.665 
  144     2     0     0 3282.201 
  144     2     1     0 3298.607 
  144     2     2     0 3315.095 
  144     2     3     0 3331.665 
  144     3     0     0 3282.201 
  144     3     1     0 3298.607 
  144     3     2     0 3315.095 
  144     3     3     0 3331.665 
  148     0     0     0 3348.319 
  148     0     1     0 3365.055 
  148     0     2     0 3381.876 
  148     0     3     0 3398.780 
  148     1     0     0 3348.319 
  148     1     1     0 3365.055 
  148     1     2     0 3381.876 
  148     1     3     0 3398.780 
  148     2     0     0 3348.319 
  148     2     1     0 3365.055 
  148     2     2     0 3381.876 
  148     2     3     0 3398.780 
  148     3     0     0 3348.319 
  148     3     1     0 3365.055 
  148     3     2     0 3381.876 
  148     3     3     0 3398.780 
  152     0     0     0 3415.769 
  152     0     1     0 3432.843 
  152     0     2     0 3450.002 
  152     0     3     0 3467.247 
  152     1     0     0 3415.769 
  152     1     1     0 3432.843 
  152     1     2     0 3450.002 
  152     1     3     0 3467.247 
  152     2     0     0 3415.769 
  152     2     1     0 3432.843 
  152     2     2     0 3450.002 
  152     2     3     0 3467.247 
  152     3     0     0 3415.769 
  152     3     1     0 3432.843 
  152     3     2     0 3450.002 
  152     3     3     0 3467.247 
  156     0     0     0 3484.578 
  156     0     1     0 3501.996 
  156     0     2     0 3519.501 
  156     0     3     0 3537.094 
  156     1     0     0 3484.578 
  156     1     1     0 3501.996 
  156     1     2     0 3519.501 
  156     1     3     0 3537.094 
  156     2     0     0 3484.578 
  156     2     1     0 3501.996 
  156     2     2     0 3519.501 
  156     2     3     0 3537.094 
  156     3     0     0 3484.578 
  156     3     1     0 3501.996 
  156     3     2     0 3519.501 
  156     3     3     0 3537.094 
  160     0     0     0 3554.774 
  160     0     1     0 3572.543 
  160     0     2     0 3590.401 
  160     0     3     0 3608.348 
  160     1     0     0 3554.774 
  160     1     1     0 3572.543 
  160     1     2     0 3590.401 
  160     1     3     0 3608.348 
  160     2     0     0 3554.774 
  160     2     1     0 3572.543 
  160     2     2     0 3590.401 
  160     2     3     0 3608.348 
  160     3     0     0 3554.774 
  160     3     1     0 3572.543 
  160     3     2     0 3590.401 
  160     3     3     0 3608.348 
  164     0     0     0 3626.384 
  164     0     1     0 3644.511 
  164     0     2     0 3662.729 
  164     0     3     0 3681.037 
  164     1     0     0 3626.384 
  164     1     1     0 3644.511 
  164     1     2     0 3662.729 
  164     1     3     0 3681.037 
  164     2     0     0 3626.384 
  164     2     1     0 3644.511 
  164     2     2     0 3662.729 
  164     2     3     0 3681.037 
  164     3     0     0 3626.384 
  164     3     1     0 3644.511 
  164     3     2     0 3662.729 
  164     3     3     0 3681.037 
  168     0     0     0 3699.438 
  168     0     1     0 3717.930 
  168     0     2     0 3736.514 
  168     0     3     0 3755.192 
  168     1     0     0 3699.438 
  168     1     1     0 3717.930 
  168     1     2     0 3736.514 
  168     1     3     0 3755.192 
  168     2     0     0 3699.438 
  168     2     1     0 3717.930 
  168     2     2     0 3736.514 
  168     2     3     0 3755.192 
  168     3     0     0 3699.438 
  168     3     1     0 3717.930 
  168     3     2     0 3736.514 
  168     3     3     0 3755.192 
  172     0     0     0 3773.963 
  172     0     1     0 3792.828 
  172     0     2     0 3811.787 
  172     0     3     0 3830.841 
  172     1     0     0 3773.963 
  172     1     1     0 3792.828 
  172     1     2     0 3811.787 
  172     1     3     0 3830.841 
  172     2     0     0 3773.963 
  172     2     1     0 3792.828 
  172     2     2     0 3811.787 
  172     2     3     0 3830.841 
  172     3     0     0 3773.963 
  172     3     1     0 3792.828 
  172     3     2     0 3811.787 
  172     3     3     0 3830.841 
  176     0     0     0 3849.990 
  176     0     1     0 3869.235 
  176     0     2     0 3888.576 
  176     0     3     0 3908.014 
  176     1     0     0 3849.990 
  176     1     1     0 3869.235 
  176     1     2     0 3888.576 
  176     1     3     0 3908.014 
  176     2     0     0 3849.990 
  176     2     1     0 3869.235 
  176     2     2     0 3888.576 
  176     2     3     0 3908.014 
  176     3     0     0 3849.990 
  176     3     1     0 3869.235 
  176     3     2     0 3888.576 
  176     3     3     0 3908.014 
  180     0     0     0 3927.549 
  180     0     1     0 3947.182 
  180     0     2     0 3966.913 
  180     0     3     0 3986.742 
  180     1     0     0 3927.549 
  180     1     1     0 3947.182 
  180     1     2     0 3966.913 
  180     1     3     0 3986.742 
  180     2     0     0 3927.549 
  180     2     1     0 3947.182 
  180     2     2     0 3966.913 
  180     2     3     0 3986.742 
  180     3     0     0 3927.549 
  180     3     1     0 3947.182 
  180     3     2     0 3966.913 
  180     3     3     0 3986.742 
  184     0     0     0 4006.671 
  184     0     1     0 4026.699 
  184     0     2     0 4046.828 
  184     0     3     0 4067.057 
  184     1     0     0 4006.671 
  184     1     1     0 4026.699 
  184     1     2     0 4046.828 
  184     1     3     0 4067.057 
  184     2     0     0 4006.671 
  184     2     1     0 4026.699 
  184     2     2     0 4046.828 
  184     2     3     0 4067.057 
  184     3     0     0 4006.671 
  184     3     1     0 4026.699 
  184     3     2     0 4046.828 
  184     3     3     0 4067.057 
  188     0     0     0 4087.387 
  188     0     1     0 4107.819 
  188     0     2     0 4128.353 
  188     0     3     0 4148.990 
  188     1     0     0 4087.387 
  188     1     1     0 4107.819 
  188     1     2     0 4128.353 
  188     1     3     0 4148.990 
  188     2     0     0 4087.387 
  188     2     1     0 4107.819 
  188     2     2     0 4128.353 
  188     2     3     0 4148.990 
  188     3     0     0 4087.387 
  188     3     1     0 4107.819 
  188     3     2     0 4128.353 
  188     3     3     0 4148.990 
  192     0     0     0 4169.730 
  192     0     1     0 4190.574 
  192     0     2     0 4211.522 
  192     0     3     0 4232.574 
  192     1     0     0 4169.730 
  192     1     1     0 4190.574 
  192     1     2     0 4211.522 
  192     1     3     0 4232.574 
  192     2     0     0 4169.730 
  192     2     1     0 4190.574 
  192     2     2     0 4211.522 
  192     2     3     0 4232.574 
  192     3     0     0 4169.730 
  192     3     1     0 4190.574 
  192     3     2     0 4211.522 
  192     3     3     0 4232.574 
  196     0     0     0 4253.732 
  196     0     1     0 4274.996 
  196     0     2     0 4296.366 
  196     0     3     0 4317.843 
  196     1     0     0 4253.732 
  196     1     1     0 4274.996 
  196     1     2     0 4296.366 
  196     1     3     0 4317.843 
  196     2     0     0 4253.732 
  196     2     1     0 4274.996 
  196     2     2     0 4296.366 
  196     2     3     0 4317.843 
  196     3     0     0 4253.732 
  196     3     1     0 4274.996 
  196     3     2     0 4296.366 
  196     3     3     0 4317.843 
  200     0     0     0 4339.427 
  200     0     1     0 4361.119 
  200     0     2     0 4382.920 
  200     0     3     0 4404.829 
  200     1     0     0 4339.427 
  200     1     1     0 4361.119 
  200     1     2     0 4382.920 
  200     1     3     0 4404.829 
  200     2     0     0 4339.427 
  200     2     1     0 4361.119 
  200     2     2     0 4382.920 
  200     2     3     0 4404.829 
  200     3     0     0 4339.427 
  200     3     1     0 4361.119 
  200     3     2     0 4382.920 
  200     3     3     0 4404.829 
  204     0     0     0 4426.848 
  204     0     1     0 4448.978 
  204     0     2     0 4471.218 
  204     0     3     0 4493.569 
  204     1     0     0 4426.848 
  204     1     1     0 4448.978 
  204     1     2     0 4471.218 
  204     1     3     0 4493.569 
  204     2     0     0 4426.848 
  204     2     1     0 4448.978 
  204     2     2     0 4471.218 
  204     2     3     0 4493.569 
  204     3     0     0 4426.848 
  204     3     1     0 4448.978 
  204     3     2     0 4471.218 
  204     3     3     0 4493.569 
  208     0     0     0 4516.031 
  208     0     1     0 4538.607 
  208     0     2     0 4561.295 
  208     0     3     0 4584.096 
  208     1     0     0 4516.031 
  208     1     1     0 4538.607 
  208     1     2     0 4561.295 
  208     1     3     0 4584.096 
  208     2     0     0 4516.031 
  208     2     1     0 4538.607 
  208     2     2     0 4561.295 
  208     2     3     0 4584.096 
  208     3     0     0 4516.031 
  208     3     1     0 4538.607 
  208     3     2     0 4561.295 
  208     3     3     0 4584.096 
  212     0     0     0 4607.012 
  212     0     1     0 4630.042 
  212     0     2     0 4653.187 
  212     0     3     0 4676.448 
  212     1     0     0 4607.012 
  212     1     1     0 4630.042 
  212     1     2     0 4653.187 
  212     1     3     0 4676.448 
  212     2     0     0 4607.012 
  212     2     1     0 4630.042 
  212     2     2     0 4653.187 
  212     2     3     0 4676.448 
  212     3     0     0 4607.012 
  212     3     1     0 4630.042 
  212     3     2     0 4653.187 
  212     3     3     0 4676.448 
  216     0     0     0 4699.825 
  216     0     1     0 4723.319 
  216     0     2     0 4746.931 
  216     0     3     0 4770.660 
  216     1     0     0 4699.825 
  216     1     1     0 4723.319 
  216     1     2     0 4746.931 
  216     1     3     0 4770.660 
  216     2     0     0 4699.825 
  216     2     1     0 4723.319 
  216     2     2     0 4746.931 
  216     2     3     0 4770.660 
  216     3     0     0 4699.825 
  216     3     1     0 4723.319 
  216     3     2     0 4746.931 
  216     3     3     0 4770.660 
  220     0     0     0 4794.509 
  220     0     1     0 4818.476 
  220     0     2     0 4842.564 
  220     0     3     0 4866.771 
  220     1     0     0 4794.509 
  220     1     1     0 4818.476 
  220     1     2     0 4842.564 
  220     1     3     0 4866.771 
  220     2     0     0 4794.509 
  220     2     1     0 4818.476 
  220     2     2     0 4842.564 
  220     2     3     0 4866.771 
  220     3     0     0 4794.509 
  220     3     1     0 4818.476 
  220     3     2     0 4842.564 
  220     3     3     0 4866.771 
  224     0     0     0 4891.100 
  224     0     1     0 4915.551 
  224     0     2     0 4940.124 
  224     0     3     0 4964.819 
  224     1     0     0 4891.100 
  224     1     1     0 4915.551 
  224     1     2     0 4940.124 
  224     1     3     0 4964.819 
  224     2     0     0 4891.100 
  224     2     1     0 4915.551 
  224     2     2     0 4940.124 
  224     2     3     0 4964.819 
  224     3     0     0 4891.100 
  224     3     1     0 4915.551 
  224     3     2     0 4940.124 
  224     3     3     0 4964.819 
  228     0     0     0 4989.638 
  228     0     1     0 5014.582 
  228     0     2     0 5039.649 
  228     0     3     0 5064.843 
  228     1     0     0 4989.638 
  228     1     1     0 5014.582 
  228     1     2     0 5039.649 
  228     1     3     0 5064.843 
  228     2     0     0 4989.638 
  228     2     1     0 5014.582 
  228     2     2     0 5039.649 
  228     2     3     0 5064.843 
  228     3     0     0 4989.638 
  228     3     1     0 5014.582 
  228     3     2     0 5039.649 
  228     3     3     0 5064.843 
  232     0     0     0 5090.162 
  232     0     1     0 5115.608 
  232     0     2     0 5141.181 
  232     0     3     0 5166.882 
  232     1     0     0 5090.162 
  232     1     1     0 5115.608 
  232     1     2     0 5141.181 
  232     1     3     0 5166.882 
  232     2     0     0 5090.162 
  232     2     1     0 5115.608 
  232     2     2     0 5141.181 
  232     2     3     0 5166.882 
  232     3     0     0 5090.162 
  232     3     1     0 5115.608 
  232     3     2     0 5141.181 
  232     3     3     0 5166.882 
  236     0     0     0 5192.711 
  236     0     1     0 5218.670 
  236     0     2     0 5244.758 
  236     0     3     0 5270.977 
  236     1     0     0 5192.711 
  236     1     1     0 5218.670 
  236     1     2     0 5244.758 
  236     1     3     0 5270.977 
  236     2     0     0 5192.711 
  236     2     1     0 5218.670 
  236     2     2     0 5244.758 
  236     2     3     0 5270.977 
  236     3     0     0 5192.711 
  236     3     1     0 5218.670 
  236     3     2     0 5244.758 
  236     3     3     0 5270.977 
  240     0     0     0 5297.327 
  240     0     1     0 5323.808 
  240     0     2     0 5350.422 
  240     0     3     0 5377.169 
  240     1     0     0 5297.327 
  240     1     1     0 5323.808 
  240     1     2     0 5350.422 
  240     1     3     0 5377.169 
  240     2     0     0 5297.327 
  240     2     1     0 5323.808 
  240     2     2     0 5350.422 
  240     2     3     0 5377.169 
  240     3     0     0 5297.327 
  240     3     1     0 5323.808 
  240     3     2     0 5350.422 
  240     3     3     0 5377.169 
  244     0     0     0 5404.050 
  244     0     1     0 5431.066 
  244     0     2     0 5458.216 
  244     0     3     0 5485.502 
  244     1     0     0 5404.050 
  244     1     1     0 5431.066 
  244     1     2     0 5458.216 
  244     1     3     0 5485.502 
  244     2     0     0 5404.050 
  244     2     1     0 5431.066 
  244     2     2     0 5458.216 
  244     2     3     0 5485.502 
  244     3     0     0 5404.050 
  244     3     1     0 5431.066 
  244     3     2     0 5458.216 
  244     3     3     0 5485.502 
  248     0     0     0 5512.924 
  248     0     1     0 5540.484 
  248     0     2     0 5568.182 
  248     0     3     0 5596.017 
  248     1     0     0 5512.924 
  248     1     1     0 5540.484 
  248     1     2     0 5568.182 
  248     1     3     0 5596.017 
  248     2     0     0 5512.924 
  248     2     1     0 5540.484 
  248     2     2     0 5568.182 
  248     2     3     0 5596.017 
  248     3     0     0 5512.924 
  248     3     1     0 5540.484 
  248     3     2     0 5568.182 
  248     3     3     0 5596.017 
  252     0     0     0 5623.993 
  252     0     1     0 5652.107 
  252     0     2     0 5680.363 
  252     0     3     0 5708.760 
  252     1     0     0 5623.993 
  252     1     1     0 5652.107 
  252     1     2     0 5680.363 
  252     1     3     0 5708.760 
  252     2     0     0 5623.993 
  252     2     1     0 5652.107 
  252     2     2     0 5680.363 
  252     2     3     0 5708.760 
  252     3     0     0 5623.993 
  252     3     1     0 5652.107 
  252     3     2     0 5680.363 
  252     3     3     0 5708.760 
  256     0     0     0 5737.299 
  256     0     1     0 5765.980 
  256     0     2     0 5794.805 
  256     0     3     0 5823.774 
  256     1     0     0 5737.299 
  256     1     1     0 5765.980 
  256     1     2     0 5794.805 
  256     1     3     0 5823.774 
  256     2     0     0 5737.299 
  256     2     1     0 5765.980 
  256     2     2     0 5794.805 
  256     2     3     0 5823.774 
  256     3     0     0 5737.299 
  256     3     1     0 5765.980 
  256     3     2     0 5794.805 
  256     3     3     0 5823.774 
  260     0     0     0 5852.888 
  260     0     1     0 5882.147 
  260     0     2     0 5911.553 
  260     0     3     0 5941.106 
  260     1     0     0 5852.888 
  260     1     1     0 5882.147 
  260     1     2     0 5911.553 
  260     1     3     0 5941.106 
  260     2     0     0 5852.888 
  260     2     1     0 5882.147 
  260     2     2     0 5911.553 
  260     2     3     0 5941.106 
  260     3     0     0 5852.888 
  260     3     1     0 5882.147 
  260     3     2     0 5911.553 
  260     3     3     0 5941.106 
  264     0     0     0 5970.806 
  264     0     1     0 6000.655 
  264     0     2     0 6030.654 
  264     0     3     0 6060.802 
  264     1     0     0 5970.806 
  264     1     1     0 6000.655 
  264     1     2     0 6030.654 
  264     1     3     0 6060.802 
  264     2     0     0 5970.806 
  264     2     1     0 6000.655 
  264     2     2     0 6030.654 
  264     2     3     0 6060.802 
  264     3     0     0 5970.806 
  264     3     1     0 6000.655 
  264     3     2     0 6030.654 
  264     3     3     0 6060.802 
  268     0     0     0 6091.101 
  268     0     1     0 6121.552 
  268     0     2     0 6152.154 
  268     0     3     0 6182.910 
  268     1     0     0 6091.101 
  268     1     1     0 6121.552 
  268     1     2     0 6152.154 
  268     1     3     0 6182.910 
  268     2     0     0 6091.101 
  268     2     1     0 6121.552 
  268     2     2     0 6152.154 
  268     2     3     0 6182.910 
  268     3     0     0 6091.101 
  268     3     1     0 6121.552 
  268     3     2     0 6152.154 
  268     3     3     0 6182.910 
  272     0     0     0 6213.820 
  272     0     1     0 6244.884 
  272     0     2     0 6276.103 
  272     0     3     0 6307.479 
  272     1     0     0 6213.820 
  272     1     1     0 6244.884 
  272     1     2     0 6276.103 
  272     1     3     0 6307.479 
  272     2     0     0 6213.820 
  272     2     1     0 6244.884 
  272     2     2     0 6276.103 
  272     2     3     0 6307.479 
  272     3     0     0 6213.820 
  272     3     1     0 6244.884 
  272     3     2     0 6276.103 
  272     3     3     0 6307.479
  276     0     0     0 6339.011 
  276     0     1     0 6370.701 
  276     0     2     0 6402.550 
  276     0     3     0 6434.557 
  276     1     0     0 6339.011 
  276     1     1     0 6370.701 
  276     1     2     0 6402.550 
  276     1     3     0 6434.557 
  276     2     0     0 6339.011 
  276     2     1     0 6370.701 
  276     2     2     0 6402.550 
  276     2     3     0 6434.557 
  276     3     0     0 6339.011 
  276     3     1     0 6370.701 
  276     3     2     0 6402.550 
  276     3     3     0 6434.557
  280     0     0     0 6466.725 
  280     0     1     0 6499.054 
  280     0     2     0 6531.544 
  280     0     3     0 6564.197 
  280     1     0     0 6466.725 
  280     1     1     0 6499.054 
  280     1     2     0 6531.544 
  280     1     3     0 6564.197 
  280     2     0     0 6466.725 
  280     2     1     0 6499.054 
  280     2     2     0 6531.544 
  280     2     3     0 6564.197 
  280     3     0     0 6466.725 
  280     3     1     0 6499.054 
  280     3     2     0 6531.544 
  280     3     3     0 6564.197 
  284     0     0     0 6597.013 
  284     0     1     0 6629.993 
  284     0     2     0 6663.138 
  284     0     3     0 6696.449 
  284     1     0     0 6597.013 
  284     1     1     0 6629.993 
  284     1     2     0 6663.138 
  284     1     3     0 6696.449 
  284     2     0     0 6597.013 
  284     2     1     0 6629.993 
  284     2     2     0 6663.138 
  284     2     3     0 6696.449 
  284     3     0     0 6597.013 
  284     3     1     0 6629.993 
  284     3     2     0 6663.138 
  284     3     3     0 6696.449 
  288     0     0     0 6729.926 
  288     0     1     0 6763.570 
  288     0     2     0 6797.383 
  288     0     3     0 6831.365 
  288     1     0     0 6729.926 
  288     1     1     0 6763.570 
  288     1     2     0 6797.383 
  288     1     3     0 6831.365 
  288     2     0     0 6729.926 
  288     2     1     0 6763.570 
  288     2     2     0 6797.383 
  288     2     3     0 6831.365 
  288     3     0     0 6729.926 
  288     3     1     0 6763.570 
  288     3     2     0 6797.383 
  288     3     3     0 6831.365 
  292     0     0     0 6865.517 
  292     0     1     0 6899.840 
  292     0     2     0 6934.334 
  292     0     3     0 6969.000 
  292     1     0     0 6865.517 
  292     1     1     0 6899.840 
  292     1     2     0 6934.334 
  292     1     3     0 6969.000 
  292     2     0     0 6865.517 
  292     2     1     0 6899.840 
  292     2     2     0 6934.334 
  292     2     3     0 6969.000 
  292     3     0     0 6865.517 
  292     3     1     0 6899.840 
  292     3     2     0 6934.334 
  292     3     3     0 6969.000 
  296     0     0     0 7003.840 
  296     0     1     0 7038.855 
  296     0     2     0 7074.044 
  296     0     3     0 7109.409 
  296     1     0     0 7003.840 
  296     1     1     0 7038.855 
  296     1     2     0 7074.044 
  296     1     3     0 7109.409 
  296     2     0     0 7003.840 
  296     2     1     0 7038.855 
  296     2     2     0 7074.044 
  296     2     3     0 7109.409 
  296     3     0     0 7003.840 
  296     3     1     0 7038.855 
  296     3     2     0 7074.044 
  296     3     3     0 7109.409 
  300     0     0     0 7144.951 
  300     0     1     0 7180.671 
  300     0     2     0 7216.569 
  300     0     3     0 7252.647 
  300     1     0     0 7144.951 
  300     1     1     0 7180.671 
  300     1     2     0 7216.569 
  300     1     3     0 7252.647 
  300     2     0     0 7144.951 
  300     2     1     0 7180.671 
  300     2     2     0 7216.569 
  300     2     3     0 7252.647 
  300     3     0     0 7144.951 
  300     3     1     0 7180.671 
  300     3     2     0 7216.569 
  300     3     3     0 7252.647 
  304     0     0     0 7288.905 
  304     0     1     0 7325.345 
  304     0     2     0 7361.967 
  304     0     3     0 7398.771 
  304     1     0     0 7288.905 
  304     1     1     0 7325.345 
  304     1     2     0 7361.967 
  304     1     3     0 7398.771 
  304     2     0     0 7288.905 
  304     2     1     0 7325.345 
  304     2     2     0 7361.967 
  304     2     3     0 7398.771 
  304     3     0     0 7288.905 
  304     3     1     0 7325.345 
  304     3     2     0 7361.967 
  304     3     3     0 7398.771 
  308     0     0     0 7435.760 
  308     0     1     0 7472.934 
  308     0     2     0 7510.294 
  308     0     3     0 7547.840 
  308     1     0     0 7435.760 
  308     1     1     0 7472.934 
  308     1     2     0 7510.294 
  308     1     3     0 7547.840 
  308     2     0     0 7435.760 
  308     2     1     0 7472.934 
  308     2     2     0 7510.294 
  308     2     3     0 7547.840 
  308     3     0     0 7435.760 
  308     3     1     0 7472.934 
  308     3     2     0 7510.294 
  308     3     3     0 7547.840 
  312     0     0     0 7585.575 
  312     0     1     0 7623.497 
  312     0     2     0 7661.610 
  312     0     3     0 7699.913 
  312     1     0     0 7585.575 
  312     1     1     0 7623.497 
  312     1     2     0 7661.610 
  312     1     3     0 7699.913 
  312     2     0     0 7585.575 
  312     2     1     0 7623.497 
  312     2     2     0 7661.610 
  312     2     3     0 7699.913 
  312     3     0     0 7585.575 
  312     3     1     0 7623.497 
  312     3     2     0 7661.610 
  312     3     3     0 7699.913 
  316     0     0     0 7738.407 
  316     0     1     0 7777.095 
  316     0     2     0 7815.975 
  316     0     3     0 7855.050 
  316     1     0     0 7738.407 
  316     1     1     0 7777.095 
  316     1     2     0 7815.975 
  316     1     3     0 7855.050 
  316     2     0     0 7738.407 
  316     2     1     0 7777.095 
  316     2     2     0 7815.975 
  316     2     3     0 7855.050 
  316     3     0     0 7738.407 
  316     3     1     0 7777.095 
  316     3     2     0 7815.975 
  316     3     3     0 7855.050 
  320     0     0     0 7894.320 
  320     0     1     0 7933.787 
  320     0     2     0 7973.451 
  320     0     3     0 8013.313 
  320     1     0     0 7894.320 
  320     1     1     0 7933.787 
  320     1     2     0 7973.451 
  320     1     3     0 8013.313 
  320     2     0     0 7894.320 
  320     2     1     0 7933.787 
  320     2     2     0 7973.451 
  320     2     3     0 8013.313 
  320     3     0     0 7894.320 
  320     3     1     0 7933.787 
  320     3     2     0 7973.451 
  320     3     3     0 8013.313 
  324     0     0     0 8053.374 
  324     0     1     0 8093.636 
  324     0     2     0 8134.100 
  324     0     3     0 8174.765 
  324     1     0     0 8053.374 
  324     1     1     0 8093.636 
  324     1     2     0 8134.100 
  324     1     3     0 8174.765 
  324     2     0     0 8053.374 
  324     2     1     0 8093.636 
  324     2     2     0 8134.100 
  324     2     3     0 8174.765 
  324     3     0     0 8053.374 
  324     3     1     0 8093.636 
  324     3     2     0 8134.100 
  324     3     3     0 8174.765 
  328     0     0     0 8215.634 
  328     0     1     0 8256.707 
  328     0     2     0 8297.986 
  328     0     3     0 8339.471 
  328     1     0     0 8215.634 
  328     1     1     0 8256.707 
  328     1     2     0 8297.986 
  328     1     3     0 8339.471 
  328     2     0     0 8215.634 
  328     2     1     0 8256.707 
  328     2     2     0 8297.986 
  328     2     3     0 8339.471 
  328     3     0     0 8215.634 
  328     3     1     0 8256.707 
  328     3     2     0 8297.986 
  328     3     3     0 8339.471 
  332     0     0     0 8381.163 
  332     0     1     0 8423.064 
  332     0     2     0 8465.174 
  332     0     3     0 8507.495 
  332     1     0     0 8381.163 
  332     1     1     0 8423.064 
  332     1     2     0 8465.174 
  332     1     3     0 8507.495 
  332     2     0     0 8381.163 
  332     2     1     0 8423.064 
  332     2     2     0 8465.174 
  332     2     3     0 8507.495 
  332     3     0     0 8381.163 
  332     3     1     0 8423.064 
  332     3     2     0 8465.174 
  332     3     3     0 8507.495 
  336     0     0     0 8550.027 
  336     0     1     0 8592.773 
  336     0     2     0 8635.731 
  336     0     3     0 8678.905 
  336     1     0     0 8550.027 
  336     1     1     0 8592.773 
  336     1     2     0 8635.731 
  336     1     3     0 8678.905 
  336     2     0     0 8550.027 
  336     2     1     0 8592.773 
  336     2     2     0 8635.731 
  336     2     3     0 8678.905 
  336     3     0     0 8550.027 
  336     3     1     0 8592.773 
  336     3     2     0 8635.731 
  336     3     3     0 8678.905 
  340     0     0     0 8722.295 
  340     0     1     0 8765.901 
  340     0     2     0 8809.726 
  340     0     3     0 8853.769 
  340     1     0     0 8722.295 
  340     1     1     0 8765.901 
  340     1     2     0 8809.726 
  340     1     3     0 8853.769 
  340     2     0     0 8722.295 
  340     2     1     0 8765.901 
  340     2     2     0 8809.726 
  340     2     3     0 8853.769 
  340     3     0     0 8722.295 
  340     3     1     0 8765.901 
  340     3     2     0 8809.726 
  340     3     3     0 8853.769 
  344     0     0     0 8898.033 
  344     0     1     0 8942.518 
  344     0     2     0 8987.226 
  344     0     3     0 9032.157 
  344     1     0     0 8898.033 
  344     1     1     0 8942.518 
  344     1     2     0 8987.226 
  344     1     3     0 9032.157 
  344     2     0     0 8898.033 
  344     2     1     0 8942.518 
  344     2     2     0 8987.226 
  344     2     3     0 9032.157 
  344     3     0     0 8898.033 
  344     3     1     0 8942.518 
  344     3     2     0 8987.226 
  344     3     3     0 9032.157 
  348     0     0     0 9077.313 
  348     0     1     0 9122.694 
  348     0     2     0 9168.303 
  348     0     3     0 9214.139 
  348     1     0     0 9077.313 
  348     1     1     0 9122.694 
  348     1     2     0 9168.303 
  348     1     3     0 9214.139 
  348     2     0     0 9077.313 
  348     2     1     0 9122.694 
  348     2     2     0 9168.303 
  348     2     3     0 9214.139 
  348     3     0     0 9077.313 
  348     3     1     0 9122.694 
  348     3     2     0 9168.303 
  348     3     3     0 9214.139 
  352     0     0     0 9260.205 
  352     0     1     0 9306.501 
  352     0     2     0 9353.028 
  352     0     3     0 9399.789 
  352     1     0     0 9260.205 
  352     1     1     0 9306.501 
  352     1     2     0 9353.028 
  352     1     3     0 9399.789 
  352     2     0     0 9260.205 
  352     2     1     0 9306.501 
  352     2     2     0 9353.028 
  352     2     3     0 9399.789 
  352     3     0     0 9260.205 
  352     3     1     0 9306.501 
  352     3     2     0 9353.028 
  352     3     3     0 9399.789 
  356     0     0     0 9446.783 
  356     0     1     0 9494.011 
  356     0     2     0 9541.477 
  356     0     3     0 9589.179 
  356     1     0     0 9446.783 
  356     1     1     0 9494.011 
  356     1     2     0 9541.477 
  356     1     3     0 9589.179 
  356     2     0     0 9446.783 
  356     2     1     0 9494.011 
  356     2     2     0 9541.477 
  356     2     3     0 9589.179 
  356     3     0     0 9446.783 
  356     3     1     0 9494.011 
  356     3     2     0 9541.477 
  356     3     3     0 9589.179 
  360     0     0     0 9637.120 
  360     0     1     0 9685.300 
  360     0     2     0 9733.722 
  360     0     3     0 9782.386 
  360     1     0     0 9637.120 
  360     1     1     0 9685.300 
  360     1     2     0 9733.722 
  360     1     3     0 9782.386 
  360     2     0     0 9637.120 
  360     2     1     0 9685.300 
  360     2     2     0 9733.722 
  360     2     3     0 9782.386 
  360     3     0     0 9637.120 
  360     3     1     0 9685.300 
  360     3     2     0 9733.722 
  360     3     3     0 9782.386 
  364     0     0     0 9831.292 
  364     0     1     0 9880.444 
  364     0     2     0 9929.841 
  364     0     3     0 9979.485 
  364     1     0     0 9831.292 
  364     1     1     0 9880.444 
  364     1     2     0 9929.841 
  364     1     3     0 9979.485 
  364     2     0     0 9831.292 
  364     2     1     0 9880.444 
  364     2     2     0 9929.841 
  364     2     3     0 9979.485 
  364     3     0     0 9831.292 
  364     3     1     0 9880.444 
  364     3     2     0 9929.841 
  364     3     3     0 9979.485 
  368     0     0     0 10029.378 
  368     0     1     0 10079.520 
  368     0     2     0 10129.912 
  368     0     3     0 10180.557 
  368     1     0     0 10029.378 
  368     1     1     0 10079.520 
  368     1     2     0 10129.912 
  368     1     3     0 10180.557 
  368     2     0     0 10029.378 
  368     2     1     0 10079.520 
  368     2     2     0 10129.912 
  368     2     3     0 10180.557 
  368     3     0     0 10029.378 
  368     3     1     0 10079.520 
  368     3     2     0 10129.912 
  368     3     3     0 10180.557 
  372     0     0     0 10231.455 
  372     0     1     0 10282.607 
  372     0     2     0 10334.015 
  372     0     3     0 10385.680 
  372     1     0     0 10231.455 
  372     1     1     0 10282.607 
  372     1     2     0 10334.015 
  372     1     3     0 10385.680 
  372     2     0     0 10231.455 
  372     2     1     0 10282.607 
  372     2     2     0 10334.015 
  372     2     3     0 10385.680 
  372     3     0     0 10231.455 
  372     3     1     0 10282.607 
  372     3     2     0 10334.015 
  372     3     3     0 10385.680 
  376     0     0     0 10437.603 
  376     0     1     0 10489.786 
  376     0     2     0 10542.230 
  376     0     3     0 10594.937 
  376     1     0     0 10437.603 
  376     1     1     0 10489.786 
  376     1     2     0 10542.230 
  376     1     3     0 10594.937 
  376     2     0     0 10437.603 
  376     2     1     0 10489.786 
  376     2     2     0 10542.230 
  376     2     3     0 10594.937 
  376     3     0     0 10437.603 
  376     3     1     0 10489.786 
  376     3     2     0 10542.230 
  376     3     3     0 10594.937 
  380     0     0     0 10647.906 
  380     0     1     0 10701.141 
  380     0     2     0 10754.641 
  380     0     3     0 10808.410 
  380     1     0     0 10647.906 
  380     1     1     0 10701.141 
  380     1     2     0 10754.641 
  380     1     3     0 10808.410 
  380     2     0     0 10647.906 
  380     2     1     0 10701.141 
  380     2     2     0 10754.641 
  380     2     3     0 10808.410 
  380     3     0     0 10647.906 
  380     3     1     0 10701.141 
  380     3     2     0 10754.641 
  380     3     3     0 10808.410 
  384     0     0     0 10862.447 
  384     0     1     0 10916.754 
  384     0     2     0 10971.333 
  384     0     3     0 11026.184 
  384     1     0     0 10862.447 
  384     1     1     0 10916.754 
  384     1     2     0 10971.333 
  384     1     3     0 11026.184 
  384     2     0     0 10862.447 
  384     2     1     0 10916.754 
  384     2     2     0 10971.333 
  384     2     3     0 11026.184 
  384     3     0     0 10862.447 
  384     3     1     0 10916.754 
  384     3     2     0 10971.333 
  384     3     3     0 11026.184 
  388     0     0     0 11081.310 
  388     0     1     0 11136.712 
  388     0     2     0 11192.390 
  388     0     3     0 11248.347 
  388     1     0     0 11081.310 
  388     1     1     0 11136.712 
  388     1     2     0 11192.390 
  388     1     3     0 11248.347 
  388     2     0     0 11081.310 
  388     2     1     0 11136.712 
  388     2     2     0 11192.390 
  388     2     3     0 11248.347 
  388     3     0     0 11081.310 
  388     3     1     0 11136.712 
  388     3     2     0 11192.390 
  388     3     3     0 11248.347 
  392     0     0     0 11304.584 
  392     0     1     0 11361.102 
  392     0     2     0 11417.903 
  392     0     3     0 11474.987 
  392     1     0     0 11304.584 
  392     1     1     0 11361.102 
  392     1     2     0 11417.903 
  392     1     3     0 11474.987 
  392     2     0     0 11304.584 
  392     2     1     0 11361.102 
  392     2     2     0 11417.903 
  392     2     3     0 11474.987 
  392     3     0     0 11304.584 
  392     3     1     0 11361.102 
  392     3     2     0 11417.903 
  392     3     3     0 11474.987 
  396     0     0     0 11532.357 
  396     0     1     0 11590.014 
  396     0     2     0 11647.959 
  396     0     3     0 11706.194 
  396     1     0     0 11532.357 
  396     1     1     0 11590.014 
  396     1     2     0 11647.959 
  396     1     3     0 11706.194 
  396     2     0     0 11532.357 
  396     2     1     0 11590.014 
  396     2     2     0 11647.959 
  396     2     3     0 11706.194 
  396     3     0     0 11532.357 
  396     3     1     0 11590.014 
  396     3     2     0 11647.959 
  396     3     3     0 11706.194 
  400     0     0     0 11764.720 
  400     0     1     0 11823.538 
  400     0     2     0 11882.651 
  400     0     3     0 11942.059 
  400     1     0     0 11764.720 
  400     1     1     0 11823.538 
  400     1     2     0 11882.651 
  400     1     3     0 11942.059 
  400     2     0     0 11764.720 
  400     2     1     0 11823.538 
  400     2     2     0 11882.651 
  400     2     3     0 11942.059 
  400     3     0     0 11764.720 
  400     3     1     0 11823.538 
  400     3     2     0 11882.651 
  400     3     3     0 11942.059 
  404     0     0     0 12001.765 
  404     0     1     0 12061.768 
  404     0     2     0 12122.072 
  404     0     3     0 12182.678 
  404     1     0     0 12001.765 
  404     1     1     0 12061.768 
  404     1     2     0 12122.072 
  404     1     3     0 12182.678 
  404     2     0     0 12001.765 
  404     2     1     0 12061.768 
  404     2     2     0 12122.072 
  404     2     3     0 12182.678 
  404     3     0     0 12001.765 
  404     3     1     0 12061.768 
  404     3     2     0 12122.072 
  404     3     3     0 12182.678 
  408     0     0     0 12243.586 
  408     0     1     0 12304.799 
  408     0     2     0 12366.318 
  408     0     3     0 12428.144 
  408     1     0     0 12243.586 
  408     1     1     0 12304.799 
  408     1     2     0 12366.318 
  408     1     3     0 12428.144 
  408     2     0     0 12243.586 
  408     2     1     0 12304.799 
  408     2     2     0 12366.318 
  408     2     3     0 12428.144 
  408     3     0     0 12243.586 
  408     3     1     0 12304.799 
  408     3     2     0 12366.318 
  408     3     3     0 12428.144 
  412     0     0     0 12490.280 
  412     0     1     0 12552.727 
  412     0     2     0 12615.485 
  412     0     3     0 12678.558 
  412     1     0     0 12490.280 
  412     1     1     0 12552.727 
  412     1     2     0 12615.485 
  412     1     3     0 12678.558 
  412     2     0     0 12490.280 
  412     2     1     0 12552.727 
  412     2     2     0 12615.485 
  412     2     3     0 12678.558 
  412     3     0     0 12490.280 
  412     3     1     0 12552.727 
  412     3     2     0 12615.485 
  412     3     3     0 12678.558 
  416     0     0     0 12741.945 
  416     0     1     0 12805.650 
  416     0     2     0 12869.673 
  416     0     3     0 12934.017 
  416     1     0     0 12741.945 
  416     1     1     0 12805.650 
  416     1     2     0 12869.673 
  416     1     3     0 12934.017 
  416     2     0     0 12741.945 
  416     2     1     0 12805.650 
  416     2     2     0 12869.673 
  416     2     3     0 12934.017 
  416     3     0     0 12741.945 
  416     3     1     0 12805.650 
  416     3     2     0 12869.673 
  416     3     3     0 12934.017 
  420     0     0     0 12998.682 
  420     0     1     0 13063.670 
  420     0     2     0 13128.984 
  420     0     3     0 13194.624 
  420     1     0     0 12998.682 
  420     1     1     0 13063.670 
  420     1     2     0 13128.984 
  420     1     3     0 13194.624 
  420     2     0     0 12998.682 
  420     2     1     0 13063.670 
  420     2     2     0 13128.984 
  420     2     3     0 13194.624 
  420     3     0     0 12998.682 
  420     3     1     0 13063.670 
  420     3     2     0 13128.984 
  420     3     3     0 13194.624 
  424     0     0     0 13260.592 
  424     0     1     0 13326.890 
  424     0     2     0 13393.519 
  424     0     3     0 13460.482 
  424     1     0     0 13260.592 
  424     1     1     0 13326.890 
  424     1     2     0 13393.519 
  424     1     3     0 13460.482 
  424     2     0     0 13260.592 
  424     2     1     0 13326.890 
  424     2     2     0 13393.519 
  424     2     3     0 13460.482 
  424     3     0     0 13260.592 
  424     3     1     0 13326.890 
  424     3     2     0 13393.519 
  424     3     3     0 13460.482 
  428     0     0     0 13527.779 
  428     0     1     0 13595.413 
  428     0     2     0 13663.385 
  428     0     3     0 13731.697 
  428     1     0     0 13527.779 
  428     1     1     0 13595.413 
  428     1     2     0 13663.385 
  428     1     3     0 13731.697 
  428     2     0     0 13527.779 
  428     2     1     0 13595.413 
  428     2     2     0 13663.385 
  428     2     3     0 13731.697 
  428     3     0     0 13527.779 
  428     3     1     0 13595.413 
  428     3     2     0 13663.385 
  428     3     3     0 13731.697 
  432     0     0     0 13800.350 
  432     0     1     0 13869.347 
  432     0     2     0 13938.689 
  432     0     3     0 14008.377 
  432     1     0     0 13800.350 
  432     1     1     0 13869.347 
  432     1     2     0 13938.689 
  432     1     3     0 14008.377 
  432     2     0     0 13800.350 
  432     2     1     0 13869.347 
  432     2     2     0 13938.689 
  432     2     3     0 14008.377 
  432     3     0     0 13800.350 
  432     3     1     0 13869.347 
  432     3     2     0 13938.689 
  432     3     3     0 14008.377 
  436     0     0     0 14078.414 
  436     0     1     0 14148.801 
  436     0     2     0 14219.540 
  436     0     3     0 14290.633 
  436     1     0     0 14078.414 
  436     1     1     0 14148.801 
  436     1     2     0 14219.540 
  436     1     3     0 14290.633 
  436     2     0     0 14078.414 
  436     2     1     0 14148.801 
  436     2     2     0 14219.540 
  436     2     3     0 14290.633 
  436     3     0     0 14078.414 
  436     3     1     0 14148.801 
  436     3     2     0 14219.540 
  436     3     3     0 14290.633 
  440     0     0     0 14362.081 
  440     0     1     0 14433.887 
  440     0     2     0 14506.051 
  440     0     3     0 14578.576 
  440     1     0     0 14362.081 
  440     1     1     0 14433.887 
  440     1     2     0 14506.051 
  440     1     3     0 14578.576 
  440     2     0     0 14362.081 
  440     2     1     0 14433.887 
  440     2     2     0 14506.051 
  440     2     3     0 14578.576 
  440     3     0     0 14362.081 
  440     3     1     0 14433.887 
  440     3     2     0 14506.051 
  440     3     3     0 14578.576 
  444     0     0     0 14651.464 
  444     0     1     0 14724.717 
  444     0     2     0 14798.335 
  444     0     3     0 14872.322 
  444     1     0     0 14651.464 
  444     1     1     0 14724.717 
  444     1     2     0 14798.335 
  444     1     3     0 14872.322 
  444     2     0     0 14651.464 
  444     2     1     0 14724.717 
  444     2     2     0 14798.335 
  444     2     3     0 14872.322 
  444     3     0     0 14651.464 
  444     3     1     0 14724.717 
  444     3     2     0 14798.335 
  444     3     3     0 14872.322 
  448     0     0     0 14946.678 
  448     0     1     0 15021.407 
  448     0     2     0 15096.509 
  448     0     3     0 15171.986 
  448     1     0     0 14946.678 
  448     1     1     0 15021.407 
  448     1     2     0 15096.509 
  448     1     3     0 15171.986 
  448     2     0     0 14946.678 
  448     2     1     0 15021.407 
  448     2     2     0 15096.509 
  448     2     3     0 15171.986 
  448     3     0     0 14946.678 
  448     3     1     0 15021.407 
  448     3     2     0 15096.509 
  448     3     3     0 15171.986  
